Leman 23, 18-525 Leman, Polska;Leman 22, 18-525 Leman, Polska;Leman 53, 18-525 Leman, Polska;Leman 12, 18-525 Leman, Polska;Leman 27, 18-525 Leman, Polska;Nowa Ruda 43, 18-525 Nowa Ruda, Polska
0;786;2269;1357;565;8930
786;0;1950;1037;880;9463
2269;1950;0;1861;2364;10412
1357;1037;1861;0;1968;10034
565;880;2364;1968;0;9113
8930;9463;10412;10034;9113;0
