Leman 23, 18-525 Leman, Polska;Leman 22, 18-525 Leman, Polska;Leman 53, 18-525 Leman, Polska;Leman 12, 18-525 Leman, Polska;Leman 27, 18-525 Leman, Polska;Nowa Ruda 43, 18-525 Nowa Ruda, Polska;Ksebki 49A, 18-525 Ksebki, Polska
0;786;2269;1357;565;8930;9936
786;0;1950;1037;880;9463;9616
2269;1950;0;1861;2364;10412;7667
1357;1037;1861;0;1968;10034;9528
565;880;2364;1968;0;9113;4293
8930;9463;10412;10034;9113;0;9123
10022;9616;7667;9528;4293;9123;0
